75.0 0.001 300.0 0.1 0.533 
75.0 0.001 300.0 0.2 0.521 
75.0 0.001 300.0 0.3 0.492 
75.0 0.001 300.0 0.4 0.511 
75.0 0.001 400.0 0.1 0.537 
75.0 0.001 400.0 0.2 0.538 
75.0 0.001 400.0 0.3 0.538 
75.0 0.001 400.0 0.4 0.532 
75.0 0.001 500.0 0.1 0.528 
75.0 0.001 500.0 0.2 0.525 
75.0 0.001 500.0 0.3 0.531 
75.0 0.001 500.0 0.4 0.518 
75.0 0.001 600.0 0.1 0.542 
75.0 0.001 600.0 0.2 0.501 
75.0 0.001 600.0 0.3 0.556 
75.0 0.001 600.0 0.4 0.515 
75.0 0.0001 300.0 0.1 0.475 
75.0 0.0001 300.0 0.2 0.471 
75.0 0.0001 300.0 0.3 0.479 
75.0 0.0001 300.0 0.4 0.474 
75.0 0.0001 400.0 0.1 0.461 
75.0 0.0001 400.0 0.2 0.444 
75.0 0.0001 400.0 0.3 0.442 
75.0 0.0001 400.0 0.4 0.445 
75.0 0.0001 500.0 0.1 0.374 
75.0 0.0001 500.0 0.2 0.371 
75.0 0.0001 500.0 0.3 0.379 
75.0 0.0001 500.0 0.4 0.375 
75.0 0.0001 600.0 0.1 0.479 
75.0 0.0001 600.0 0.2 0.475 
75.0 0.0001 600.0 0.3 0.475 
75.0 0.0001 600.0 0.4 0.486 
147.0 0.001 300.0 0.1 0.501 
147.0 0.001 300.0 0.2 0.507 
147.0 0.001 300.0 0.3 0.526 
147.0 0.001 300.0 0.4 0.518 
147.0 0.001 400.0 0.1 0.527 
147.0 0.001 400.0 0.2 0.536 
147.0 0.001 400.0 0.3 0.563 
147.0 0.001 400.0 0.4 0.54 
147.0 0.001 500.0 0.1 0.535 
147.0 0.001 500.0 0.2 0.537 
147.0 0.001 500.0 0.3 0.533 
147.0 0.001 500.0 0.4 0.523 
147.0 0.001 600.0 0.1 0.498 
147.0 0.001 600.0 0.2 0.542 
147.0 0.001 600.0 0.3 0.536 
147.0 0.001 600.0 0.4 0.552 
147.0 0.0001 300.0 0.1 0.481 
147.0 0.0001 300.0 0.2 0.484 
147.0 0.0001 300.0 0.3 0.482 
147.0 0.0001 300.0 0.4 0.483 
147.0 0.0001 400.0 0.1 0.463 
147.0 0.0001 400.0 0.2 0.452 
147.0 0.0001 400.0 0.3 0.458 
147.0 0.0001 400.0 0.4 0.458 
147.0 0.0001 500.0 0.1 0.381 
147.0 0.0001 500.0 0.2 0.377 
147.0 0.0001 500.0 0.3 0.38 
147.0 0.0001 500.0 0.4 0.382 
147.0 0.0001 600.0 0.1 0.48 
147.0 0.0001 600.0 0.2 0.469 
147.0 0.0001 600.0 0.3 0.478 
147.0 0.0001 600.0 0.4 0.471 
243.0 0.001 300.0 0.1 0.5 
243.0 0.001 300.0 0.2 0.546 
243.0 0.001 300.0 0.3 0.516 
243.0 0.001 300.0 0.4 0.549 
243.0 0.001 400.0 0.1 0.533 
243.0 0.001 400.0 0.2 0.566 
243.0 0.001 400.0 0.3 0.552 
243.0 0.001 400.0 0.4 0.542 
243.0 0.001 500.0 0.1 0.546 
243.0 0.001 500.0 0.2 0.543 
243.0 0.001 500.0 0.3 0.537 
243.0 0.001 500.0 0.4 0.544 
243.0 0.001 600.0 0.1 0.53 
243.0 0.001 600.0 0.2 0.536 
243.0 0.001 600.0 0.3 0.549 
243.0 0.001 600.0 0.4 0.535 
243.0 0.0001 300.0 0.1 0.477 
243.0 0.0001 300.0 0.2 0.483 
243.0 0.0001 300.0 0.3 0.471 
243.0 0.0001 300.0 0.4 0.493 
243.0 0.0001 400.0 0.1 0.463 
243.0 0.0001 400.0 0.2 0.463 
243.0 0.0001 400.0 0.3 0.464 
243.0 0.0001 400.0 0.4 0.448 
243.0 0.0001 500.0 0.1 0.38 
243.0 0.0001 500.0 0.2 0.384 
243.0 0.0001 500.0 0.3 0.383 
243.0 0.0001 500.0 0.4 0.378 
243.0 0.0001 600.0 0.1 0.485 
243.0 0.0001 600.0 0.2 0.492 
243.0 0.0001 600.0 0.3 0.484 
243.0 0.0001 600.0 0.4 0.471 
363.0 0.001 300.0 0.1 0.526 
363.0 0.001 300.0 0.2 0.507 
363.0 0.001 300.0 0.3 0.531 
363.0 0.001 300.0 0.4 0.5 
363.0 0.001 400.0 0.1 0.551 
363.0 0.001 400.0 0.2 0.563 
363.0 0.001 400.0 0.3 0.566 
363.0 0.001 400.0 0.4 0.559 
363.0 0.001 500.0 0.1 0.548 
363.0 0.001 500.0 0.2 0.546 
363.0 0.001 500.0 0.3 0.537 
363.0 0.001 500.0 0.4 0.541 
363.0 0.001 600.0 0.1 0.527 
363.0 0.001 600.0 0.2 0.542 
363.0 0.001 600.0 0.3 0.522 
363.0 0.001 600.0 0.4 0.534 
363.0 0.0001 300.0 0.1 0.486 
363.0 0.0001 300.0 0.2 0.479 
363.0 0.0001 300.0 0.3 0.476 
363.0 0.0001 300.0 0.4 0.481 
363.0 0.0001 400.0 0.1 0.464 
363.0 0.0001 400.0 0.2 0.464 
363.0 0.0001 400.0 0.3 0.465 
363.0 0.0001 400.0 0.4 0.463 
363.0 0.0001 500.0 0.1 0.384 
363.0 0.0001 500.0 0.2 0.388 
363.0 0.0001 500.0 0.3 0.382 
363.0 0.0001 500.0 0.4 0.386 
363.0 0.0001 600.0 0.1 0.486 
363.0 0.0001 600.0 0.2 0.484 
363.0 0.0001 600.0 0.3 0.479 
363.0 0.0001 600.0 0.4 0.483 
